1,35.6451545,139.3525417,10007,横断歩道,3
3,35.64482,139.35228,横断歩道,3
3,35.64474,139.35239,横断歩道,3
4,35.64471,139.35311,横断歩道,3
6,35.64496,139.35279,エレベーター,2
9,35.6450545,139.35268680000001,郵便ポスト,2
10,35.645049,139.3527042,公衆電話,2
12,35.644952,139.3522268,自動販売機,2
11,35.64494,139.35230,コナミスポーツクラブ 入口,1
13,35.64491,139.35163,オートバックス 入口,1
14,35.6448152,139.3522107,横断歩道,5
14,35.6447434,139.3521905,横断歩道,5
15,35.6449014,139.3517902,道路横断箇所,5
15,35.6448747,139.351862,道路横断箇所,5
16,14,自動改札機,2
16,15,自動改札機,2
17,2,エレベーター,2
17,3,エレベーター,2
18,32,エレベーター,2
18,33,エレベーター,2
19,42,点字ブロックの無い区間に入ります,6
19,36,点字ブロックの無い区間に入ります,6
20,41,エレベーター,2
21,42,スロープ,2
21,37,スロープ,2

