139.352451,35.645132 139.352466,35.645112 139.352464,35.645095 横断歩道南
139.3525446,35.6451444 139.3525547,35.645128 139.352558,35.645109 横断歩道北
139.3526962,35.645043 139.3527056,35.6450567 139.3527196,35.6450757 南口階段
139.352447,35.64511 139.3524481,35.6451052 横断歩道南曲がり角
139.3523649,35.6449629 139.3523622,35.6449569 バス停1分岐
139.3523783,35.6449542 139.3523756,35.6449482 バス停1出口
139.3523609,35.6449286 139.3523575,35.6449204 バス停1入口
139.3523475,35.6449308 139.3523441,35.6449253 バス停1曲がり角
139.3526888,35.6450654 139.3526948,35.6450616 南口階段下分岐
139.3526573,35.6450125 139.352662,35.6450087 バス停2方面曲がり角1
139.35272300000003,35.6449809 139.3527297,35.644978200000004 旧バス停入口分岐
139.3527156,35.64497 139.35272300000003,35.6449657 旧バス停入口
139.3527558,35.6449646 139.3527626,35.6449613 旧バス停出口分岐
139.3527512,35.6449509 139.3527572,35.644946 旧バス停出口
139.3527967,35.6449711 139.3527921,35.6449624 エレベーター
139.3528055,35.6449657 139.3528008,35.6449591 エレベーター前分岐
139.3527867,35.6449537 139.3527947,35.6449493 バス停2方面曲がり角2
139.3528759,35.6449357 139.3528812,35.6449313 バス停2入口分岐
139.3528531,35.6449079 139.3528618,35.6449041 バス停2入口
