139.352343,35.644995 139.35233,35.645001 バス停1入り口誘導
139.35233,35.645001 139.352408,35.645134 バス停1直線
139.352408,35.645134 139.352428,35.64514 横断歩道南誘導
139.352424,35.645149 139.352428,35.64514 139.35242,35.645128 横断歩道南
139.352428,35.64514 139.352541,35.645155 横断歩道
139.35254,35.645171 139.352541,35.645155 139.352548,35.645141 横断歩道北
139.352541,35.645155 139.352563,35.645157 139.352566,35.645144 横断歩道北誘導
139.352566,35.645144 139.3526663,35.6450962 139.352687,35.645089 南口階段下直線1
139.352696,35.6451 139.352687,35.645089 139.352673,35.645077 南口階段1
139.3526663,35.6450962 139.352637,35.64506 階段下バス停2方面
139.35269,35.645031 139.352682,35.64502 バス停2入り口誘導
139.352738,35.645009 139.35273,35.644993 バス停2出口誘導
139.352637,35.64506 139.35269,35.645031 139.352738,35.645009 139.35275,35.645001 バス停2方面直線
139.35275,35.645001 139.352762,35.645015 エレベーター前小道
139.352762,35.645015 139.35276800000003,35.645022 139.352761,35.645025 139.352766,35.64503 139.352758,35.64502 エレベーター入り口
139.352762,35.645015 139.352841,35.644973 139.35295,35.644915 エレベーター前直線
139.352841,35.644973 139.352827,35.644947 バス停3入り口誘導
139.35295,35.644915 139.35298,35.644952 南口階段下直線2
139.35298,35.644952 139.352966,35.644959 139.35297,35.644964 139.35296,35.644952 南口階段2
139.2964831,35.638967 139.2964885,35.6390509 139.2963798,35.6390552 139.2963731,35.6389037 139.2961478,35.6389168 139.2961706,35.6392296 139.2962524,35.6392242 139.2962497,35.6391588 139.2965864,35.6391392 139.2965703,35.6389506 補正実験用